255 255 255 255 255 255 254 140 140 140 140 178 255 255 255 255
255 255 255 255 255 140 140 137 171 140 140 140 140 255 255 255
255 255 255 255 140 255 255 255 255 156 255 254 140 140 255 255
255 255 255 140 255 255 255 255 255 255 255 155 255 140 140 255
255 255 255 255 255 255 255 255 255 255 255 243 156 252 140 247
 64  67  67  67 255 255 255 255  67  67  67 255 156 255 140 140
255  67  67  67 255 255 255  67  67  67 255 255 157 155 146 140
255  66  67  67  55 255 255  67  67  67 255 255 253 156 255 140
255 255  67  67  67 255  77  67  67 255 255 255 205 156 255 140
255 255  66  67  67 161  67  67  67 255 255 255 156 156 212 140
255 255 255  67  67  67  67  67 255 255 255 255 156 255 140 255
255 255 255  67  67  67  67  67 255 255 255 156 156 255 140 255
255 255 255 255  67  67  67 255 255 255 156 156 255 140 255 255
255 255 255 255  67  67  67 156 156 156 156 255 140 255 255 255
255 255 255 255 255  67 255 255 255 255 158 255 255 255 255 255
255 255 255 255 255  67 255 255 255 255 255 255 255 255 255 255
255 255 255 255 255 255 254 140 140 140 140 178 255 255 255 255
255 255 255 255 255 140 140 137 171 140 140 140 140 255 255 255
255 255 255 255 140 255 255 255 255 156 255 254 140 140 255 255
255 255 255 140 255 255 255 255 255 255 255 155 255 140 140 255
255 255 255 255 255 255 255 255 255 255 255 243 156 252 140 247
 64  67  67  67 255 255 255 255  67  67  67 255 156 255 140 140
255  67  67  67 255 255 255  67  67  67 255 255 157 155 146 140
255  66  67  67  55 255 255  67  67  67 255 255 253 156 255 140
255 255  67  67  67 255  77  67  67 255 255 255 205 156 255 140
255 255  66  67  67 161  67  67  67 255 255 255 156 156 212 140
255 255 255  67  67  67  67  67 255 255 255 255 156 255 140 255
255 255 255  67  67  67  67  67 255 255 255 156 156 255 140 255
255 255 255 255  67  67  67 255 255 255 156 156 255 140 255 255
255 255 255 255  67  67  67 156 156 156 156 255 140 255 255 255
255 255 255 255 255  67 255 255 255 255 158 255 255 255 255 255
255 255 255 255 255  67 255 255 255 255 255 255 255 255 255 255
255 255 255 255 255 255 254 140 140 140 140 178 255 255 255 255
255 255 255 255 255 140 140 137 171 140 140 140 140 255 255 255
255 255 255 255 140 255 255 255 255 156 255 254 140 140 255 255
255 255 255 140 255 255 255 255 255 255 255 155 255 140 140 255
255 255 255 255 255 255 255 255 255 255 255 243 156 252 140 247
 64  67  67  67 255 255 255 255  67  67  67 255 156 255 140 140
255  67  67  67 255 255 255  67  67  67 255 255 157 155 146 140
255  66  67  67  55 255 255  67  67  67 255 255 253 156 255 140
255 255  67  67  67 255  77  67  67 255 255 255 205 156 255 140
255 255  66  67  67 161  67  67  67 255 255 255 156 156 212 140
255 255 255  67  67  67  67  67 255 255 255 255 156 255 140 255
255 255 255  67  67  67  67  67 255 255 255 156 156 255 140 255
255 255 255 255  67  67  67 255 255 255 156 156 255 140 255 255
255 255 255 255  67  67  67 156 156 156 156 255 140 255 255 255
255 255 255 255 255  67 255 255 255 255 158 255 255 255 255 255
255 255 255 255 255  67 255 255 255 255 255 255 255 255 255 255

255 255 255 255 247 140 140 140 140 140 255 255 255 255 255 255
255 255 255 140 140 140 147 255 255 212 140 140 255 255 255 255
255 255 140 140 253 255 155 156 156 156 255 255 140 255 255 255
255 140 140 255 156 156 158 254 205 156 156 156 255 140 255 255
177 140 254 156 244 255 255 255 255 255 255 156 156 255 255 255
140 140 255 255 255  67 255 255 255 255 255 255 156 156 162 255
140 140 156 255 255  67  67  67 255 255 255 255 255 156 255 255
140 173 255 255 255  67  67  67  67  67 255 255 255 156 255 255
140 137 255 255 255 255  67  67  67  67  67  67 255 156 255 255
254 140 255 255 255 255 255 255  77  67  67  67  67  67 255 255
255 140 255 255 255 255 255 255 255 159  67  67  67  67  67  67
255 255 140 255 255 255 255  55  67  67  67  67  67  67 255 255
255 255 255 140 255  67  67  67  67  67  67  67 255 255 255 255
255 255 255 255 255  67  67  67  67  67 255 255 255 255 255 255
255 255 255 255 255  67  67  67 255 255 255 255 255 255 255 255
255 255 255 255 255  65 255 255 255 255 255 255 255 255 255 255
255 255 255 255 247 140 140 140 140 140 255 255 255 255 255 255
255 255 255 140 140 140 147 255 255 212 140 140 255 255 255 255
255 255 140 140 253 255 155 156 156 156 255 255 140 255 255 255
255 140 140 255 156 156 158 254 205 156 156 156 255 140 255 255
177 140 254 156 244 255 255 255 255 255 255 156 156 255 255 255
140 140 255 255 255  67 255 255 255 255 255 255 156 156 162 255
140 140 156 255 255  67  67  67 255 255 255 255 255 156 255 255
140 173 255 255 255  67  67  67  67  67 255 255 255 156 255 255
140 137 255 255 255 255  67  67  67  67  67  67 255 156 255 255
254 140 255 255 255 255 255 255  77  67  67  67  67  67 255 255
255 140 255 255 255 255 255 255 255 159  67  67  67  67  67  67
255 255 140 255 255 255 255  55  67  67  67  67  67  67 255 255
255 255 255 140 255  67  67  67  67  67  67  67 255 255 255 255
255 255 255 255 255  67  67  67  67  67 255 255 255 255 255 255
255 255 255 255 255  67  67  67 255 255 255 255 255 255 255 255
255 255 255 255 255  65 255 255 255 255 255 255 255 255 255 255
255 255 255 255 247 140 140 140 140 140 255 255 255 255 255 255
255 255 255 140 140 140 147 255 255 212 140 140 255 255 255 255
255 255 140 140 253 255 155 156 156 156 255 255 140 255 255 255
255 140 140 255 156 156 158 254 205 156 156 156 255 140 255 255
177 140 254 156 244 255 255 255 255 255 255 156 156 255 255 255
140 140 255 255 255  67 255 255 255 255 255 255 156 156 162 255
140 140 156 255 255  67  67  67 255 255 255 255 255 156 255 255
140 173 255 255 255  67  67  67  67  67 255 255 255 156 255 255
140 137 255 255 255 255  67  67  67  67  67  67 255 156 255 255
254 140 255 255 255 255 255 255  77  67  67  67  67  67 255 255
255 140 255 255 255 255 255 255 255 159  67  67  67  67  67  67
255 255 140 255 255 255 255  55  67  67  67  67  67  67 255 255
255 255 255 140 255  67  67  67  67  67  67  67 255 255 255 255
255 255 255 255 255  67  67  67  67  67 255 255 255 255 255 255
255 255 255 255 255  67  67  67 255 255 255 255 255 255 255 255
255 255 255 255 255  65 255 255 255 255 255 255 255 255 255 255

255 255 255 255 255 255 255 255 255 255  67 255 255 255 255 255
255 255 255 255 255 162 255 255 255 255  67 255 255 255 255 255
255 255 255 140 255 156 156 156 156  67  67  67 255 255 255 255
255 255 140 255 156 156 255 255 255  67  67  67 255 255 255 255
255 140 255 156 156 255 255 255  67  67  67  67  67 255 255 255
255 140 255 156 255 255 255 255  67  67  67  67  67 255 255 255
140 212 156 156 255 255 255  67  67  67 159  67  67  67 255 255
140 255 156 205 255 255 255  67  67  77 255  67  67  67 255 255
140 255 156 254 255 255  67  67  67 255 255  55  67  67  67 255
140 147 155 158 255 255  67  67  67 255 255 255  67  67  67 255
140 140 255 156 255  67  67  67 255 255 255 255  67  67  67  65
247 140 253 156 244 255 255 255 255 255 255 255 255 255 255 255
255 140 140 255 156 255 255 255 255 255 255 255 140 255 255 255
255 255 140 140 254 255 156 255 255 255 255 140 255 255 255 255
255 255 255 140 140 140 140 173 137 140 140 255 255 255 255 255
255 255 255 255 177 140 140 140 140 254 255 255 255 255 255 255
255 255 255 255 255 255 255 255 255 255  67 255 255 255 255 255
255 255 255 255 255 162 255 255 255 255  67 255 255 255 255 255
255 255 255 140 255 156 156 156 156  67  67  67 255 255 255 255
255 255 140 255 156 156 255 255 255  67  67  67 255 255 255 255
255 140 255 156 156 255 255 255  67  67  67  67  67 255 255 255
255 140 255 156 255 255 255 255  67  67  67  67  67 255 255 255
140 212 156 156 255 255 255  67  67  67 159  67  67  67 255 255
140 255 156 205 255 255 255  67  67  77 255  67  67  67 255 255
140 255 156 254 255 255  67  67  67 255 255  55  67  67  67 255
140 147 155 158 255 255  67  67  67 255 255 255  67  67  67 255
140 140 255 156 255  67  67  67 255 255 255 255  67  67  67  65
247 140 253 156 244 255 255 255 255 255 255 255 255 255 255 255
255 140 140 255 156 255 255 255 255 255 255 255 140 255 255 255
255 255 140 140 254 255 156 255 255 255 255 140 255 255 255 255
255 255 255 140 140 140 140 173 137 140 140 255 255 255 255 255
255 255 255 255 177 140 140 140 140 254 255 255 255 255 255 255
255 255 255 255 255 255 255 255 255 255  67 255 255 255 255 255
255 255 255 255 255 162 255 255 255 255  67 255 255 255 255 255
255 255 255 140 255 156 156 156 156  67  67  67 255 255 255 255
255 255 140 255 156 156 255 255 255  67  67  67 255 255 255 255
255 140 255 156 156 255 255 255  67  67  67  67  67 255 255 255
255 140 255 156 255 255 255 255  67  67  67  67  67 255 255 255
140 212 156 156 255 255 255  67  67  67 159  67  67  67 255 255
140 255 156 205 255 255 255  67  67  77 255  67  67  67 255 255
140 255 156 254 255 255  67  67  67 255 255  55  67  67  67 255
140 147 155 158 255 255  67  67  67 255 255 255  67  67  67 255
140 140 255 156 255  67  67  67 255 255 255 255  67  67  67  65
247 140 253 156 244 255 255 255 255 255 255 255 255 255 255 255
255 140 140 255 156 255 255 255 255 255 255 255 140 255 255 255
255 255 140 140 254 255 156 255 255 255 255 140 255 255 255 255
255 255 255 140 140 140 140 173 137 140 140 255 255 255 255 255
255 255 255 255 177 140 140 140 140 254 255 255 255 255 255 255

255 255 255 255 255 255 255 255 255 255  65 255 255 255 255 255
255 255 255 255 255 255 255 255  67  67  67 255 255 255 255 255
255 255 255 255 255 255  67  67  67  67  67 255 255 255 255 255
255 255 255 255  67  67  67  67  67  67  67 255 140 255 255 255
255 255  67  67  67  67  67  67  55 255 255 255 255 140 255 255
 67  67  67  67  67  67 159 255 255 255 255 255 255 255 140 255
255 255  67  67  67  67  67  77 255 255 255 255 255 255 140 254
255 255 156 255  67  67  67  67  67  67 255 255 255 255 137 140
255 255 156 255 255 255  67  67  67  67  67 255 255 255 173 140
255 255 156 255 255 255 255 255  67  67  67 255 255 156 140 140
255 162 156 156 255 255 255 255 255 255  67 255 255 255 140 140
255 255 255 156 156 255 255 255 255 255 255 244 156 254 140 177
255 255 140 255 156 156 156 205 254 158 156 156 255 140 140 255
255 255 255 140 255 255 156 156 156 155 255 253 140 140 255 255
255 255 255 255 140 140 212 255 255 147 140 140 140 255 255 255
255 255 255 255 255 255 140 140 140 140 140 247 255 255 255 255
255 255 255 255 255 255 255 255 255 255  65 255 255 255 255 255
255 255 255 255 255 255 255 255  67  67  67 255 255 255 255 255
255 255 255 255 255 255  67  67  67  67  67 255 255 255 255 255
255 255 255 255  67  67  67  67  67  67  67 255 140 255 255 255
255 255  67  67  67  67  67  67  55 255 255 255 255 140 255 255
 67  67  67  67  67  67 159 255 255 255 255 255 255 255 140 255
255 255  67  67  67  67  67  77 255 255 255 255 255 255 140 254
255 255 156 255  67  67  67  67  67  67 255 255 255 255 137 140
255 255 156 255 255 255  67  67  67  67  67 255 255 255 173 140
255 255 156 255 255 255 255 255  67  67  67 255 255 156 140 140
255 162 156 156 255 255 255 255 255 255  67 255 255 255 140 140
255 255 255 156 156 255 255 255 255 255 255 244 156 254 140 177
255 255 140 255 156 156 156 205 254 158 156 156 255 140 140 255
255 255 255 140 255 255 156 156 156 155 255 253 140 140 255 255
255 255 255 255 140 140 212 255 255 147 140 140 140 255 255 255
255 255 255 255 255 255 140 140 140 140 140 247 255 255 255 255
255 255 255 255 255 255 255 255 255 255  65 255 255 255 255 255
255 255 255 255 255 255 255 255  67  67  67 255 255 255 255 255
255 255 255 255 255 255  67  67  67  67  67 255 255 255 255 255
255 255 255 255  67  67  67  67  67  67  67 255 140 255 255 255
255 255  67  67  67  67  67  67  55 255 255 255 255 140 255 255
 67  67  67  67  67  67 159 255 255 255 255 255 255 255 140 255
255 255  67  67  67  67  67  77 255 255 255 255 255 255 140 254
255 255 156 255  67  67  67  67  67  67 255 255 255 255 137 140
255 255 156 255 255 255  67  67  67  67  67 255 255 255 173 140
255 255 156 255 255 255 255 255  67  67  67 255 255 156 140 140
255 162 156 156 255 255 255 255 255 255  67 255 255 255 140 140
255 255 255 156 156 255 255 255 255 255 255 244 156 254 140 177
255 255 140 255 156 156 156 205 254 158 156 156 255 140 140 255
255 255 255 140 255 255 156 156 156 155 255 253 140 140 255 255
255 255 255 255 140 140 212 255 255 147 140 140 140 255 255 255
255 255 255 255 255 255 140 140 140 140 140 247 255 255 255 255
